Excluded from "selected_audio_files_sex".
Excluded 64 audio clips.

0103165412
0105093107
0112243975
0141528606
0174278874
0182579184
0201425108
0202244175
0209745731
0217038957
0230555382
0245284283
0251795991
0277006838
0281431911
0283155988
0285559929
0288538128
0302408620
0308745099
0354716573
0385328289
0389981848
0398719004
0405017788
0425961850
0463657390
0484884666
0489644980
0519746647
0529824213
0530013930
0530904284
0536505351
0537862776
0549520399
0551828771
0594164554
0612057489
0630247264
0640545121
0652513462
0657477954
0669463872
0670044888
0681439337
0708693515
0724206771
0749355272
0758495912
0761801874
0810109256
0813515992
0875857631
0876063757
0884075845
0924630324
0942595469
0954858260
0970993290
0979512814
0989425633
0991381537
0992235939
