Excluded 84 audio clips from "selected_audio_files_age-language".

0102092652
0106656951
0113979890
0124479162
0127061297
0134909016
0160453985
0164404649
0169346497
0172668039
0192132711
0199141153
0200419558
0203923797
0208179620
0217038957
0221874642
0241884796
0245284283
0251294826
0266939044
0289377090
0298078897
0317206667
0330706844
0333704138
0339821017
0351499428
0359573146
0374900867
0378939835
0387417070
0395765361
0405354095
0425338666
0434704754
0440847530
0475883371
0477341150
0481623450
0484884666
0485289040
0492297888
0500650937
0530129416
0530904284
0535164429
0537862776
0542980962
0548195325
0551828771
0563904628
0578130468
0582759049
0585967624
0592738377
0629869220
0631735755
0637962638
0647709580
0660238741
0660672064
0661667780
0664012856
0684637065
0709991805
0712351071
0713216298
0729575908
0732252395
0743241181
0794603691
0825398172
0839543797
0835122948
0884075845
0888229276
0896596496
0898153531
0922328882
0946953323
0963922416
0973739609
0990895526
